% 2017/06/23
% Cheng-Hsiang Ho data of BLER

%% CBS = 528

% -1.5:0.1:-0.2
CBS_528_CR_033  = [0.338, 0.297, 0.097, 0.0716, 0.0428, 0.0225, 0.00996, 0.00832, 0.00265, 0.001385, 0.000425, 0.0001544, 7.024e-5, 4.45e-5];

% -0.8:0.1:1
CBS_528_CR_040  = [0.65, 0.526, 0.449, 0.312,  0.212, 0.22, 0.1, 0.09, 0.0547, 0.0487, 0.0172, 0.00536, 0.00312, 0.001, 0.000544, 0.000466, 0.000199, 0.000124, 7.69e-5];

% 1.2:0.1:2.3
CBS_528_CR_050  = [0.16, 0.068, 0.0455, 0.0185, 0.011, 0.00544, 0.0021, 0.0015, 0.000478, 0.000348, 6.46e-5, 6.04e-5];

% 3.3:0.1:4.4
CBS_528_CR_067  = [0.146, 0.102, 0.0458, 0.034, 0.022, 0.01, 0.00432, 0.00186, 0.0013, 0.000452, 0.000302, 0.000186];

% 4.5:0.1:5.4
CBS_528_CR_075  = [0.107, 0.0285, 0.016, 0.01, 0.00577, 0.00532, 0.0014, 0.0012, 0.000521, 0.000256];

% 5.5:0.1:7
CBS_528_CR_083  = [0.15, 0.157, 0.077, 0.0356, 0.0228, 0.0168, 0.0112, 0.005339, 0.00536, 0.002, 0.00087, 0.0006, 0.00029, 0.00013, 9.47e-5, 6.77e-5 ];

% 6.5:0.1:8
CBS_528_CR_089  = [0.2207, 0.132, 0.0644, 0.0595, 0.0483, 0.0195, 0.0153, 0.0116, 0.0066, 0.00418, 0.0026, 0.00174, 0.00104, 0.000726, 0.00034, 0.0002126];


%% CBS = 1088

% -1.4:0.1:-0.8
CBS_1088_CR_033  = [0.064, 0.0297, 0.0148, 0.00404, 0.000808, 0.00055, 0.0000167];

% -0.5:0.1:0.3
CBS_1088_CR_040  = [0.227, 0.153, 0.0278, 0.00752, 0.00433, 0.00309, 0.00124, 0.000513, 0.000197];

% 1:0.11.8
CBS_1088_CR_050  = [0.154, 0.0445, 0.0143, 0.00702, 0.002614, 0.00165, 0.000474, 0.000125, 9.749e-5];

% 3:0.1:4.2
CBS_1088_CR_067  = [0.35, 0.117, 0.0782, 0.0353, 0.0167, 0.00892, 0.00385, 0.00175, 0.000631, 0.000567, 0.000326, 0.000268, 0.000129];

% 4.4:0.1:5.2
CBS_1088_CR_075  = [0.024, 0.00798, 0.00543, 0.00266, 0.00143, 0.0009979, 0.00053, 0.000374, 0.000214];

% 5.5:0.1:6.3
CBS_1088_CR_083  = [0.053, 0.022, 0.00753, 0.00401, 0.00255, 0.000815, 0.000459, 0.000224, 0.000182];

% 6.5~7.5
CBS_1088_CR_089  = [0.0888, 0.0389, 0.0345, 0.0195, 0.0205, 0.00969, 0.005, 0.0022, 0.000891, 0.00071, 0.00033];


%% CBS = 2624

% -1.6:0.1:-1.2
CBS_2624_CR_033  = [0.0782, 0.0329, 0.00573, 0.000933, 0.000135];

% -0.6:0.1:-0.2
CBS_2624_CR_040  = [0.27, 0.0743, 0.023, 0.0015, 0.0001];

% 0.8:0.1:1.3
CBS_2624_CR_050  = [0.2245, 0.061, 0.0275, 0.0046652, 0.000862, 0.00014];

% 2.9:0.1:3.4
CBS_2624_CR_067  = [0.33, 0.0961, 0.03386, 0.0135, 0.00151, 0.000373  ];

% 4:0.1:4.6
CBS_2624_CR_075  = [0.104, 0.029, 0.018, 0.00276, 0.0011, 0.0006625, 0.000434];

% 5.2:0.1:5.8
CBS_2624_CR_083  = [0.101, 0.033, 0.00679, 0.0029, 0.000528, 0.000176, 5.14e-5];

% 6.2:0.1:6.9
CBS_2624_CR_089  = [0.168, 0.0633, 0.0457, 0.0136, 0.00685, 0.00186, 0.000941, 0.0005];


%% CBS = 4160

% -1.7:0.1:-1.4
CBS_4160_CR_033  = [0.09, 0.0122, 0.00147, 0.000114];

% -0.7:0.1:-0.3
CBS_4160_CR_040  = [0.385, 0.103, 0.0021, 0.00247, 0.000233];

% 0.7:0.1:1.1
CBS_4160_CR_050  = [0.396, 0.064, 0.022, 0.0026, 0.000182];

% 2.9:0.1:3.3
CBS_4160_CR_067  = [0.126, 0.056, 0.006, 0.000645, 6.28e-05 ];

% 3.9:0.1:4.4
CBS_4160_CR_075  = [0.261, 0.0695, 0.011, 0.0026, 0.000575, 0.0003079];

% 5:0.1:5.5
CBS_4160_CR_083  = [ 0.33, 0.076, 0.028, 0.006, 0.00156, 0.000198 ];

% 6:0.1:6.8
CBS_4160_CR_089  = [0.5, 0.21, 0.084, 0.0304, 0.0115, 0.0026, 7e-4, 4e-4 ,9.9e-5];

%% CBS = 7168


% -1.8:0.1:-1.5
CBS_7168_CR_033  = [0.2186, 0.0283, 0.00164 ,8.11e-05];

% -0.7:0.1:-0.4
CBS_7168_CR_040  = [0.2132, 0.0427, 0.00598, 0.000193];

% 0.6:0.1:1.0
CBS_7168_CR_050  = [0.6176, 0.1329, 0.00832, 0.000897, 4.108e-5];

% 2.8:0.1:3.1
CBS_7168_CR_067  = [0.326, 0.095, 0.0101, 0.000564 ];

% 3.8:0.1:4.2
CBS_7168_CR_075  = [0.456, 0.089, 0.0103, 0.00103, 5.25e-05];

% 5:0.1:5.4
CBS_7168_CR_083  = [ 0.101, 0.023, 0.00298, 0.000339, 0.00015 ];

% 6:0.1:6.4
CBS_7168_CR_089  = [0.3125, 0.0854, 0.0162, 0.00329, 0.00023];


%% CBS = 7808

% -1.8:0.1:-1.5
CBS_7808_CR_033  = [0.3499, 0.0589, 0.0031, 1.6e-05];

% -0.7:0.1:-0.4
CBS_7808_CR_040  = [0.1973, 0.0227, 0.0019, 4e-05];

% 0.6:0.1:0.9
CBS_7808_CR_050  = [0.4394, 0.1001, 0.0086, 2.7548e-04];

% 2.8:0.1:3.1
CBS_7808_CR_067  = [0.1193, 0.0171, 0.0015, 7e-05 ];

% 3.8:0.1:4.1
CBS_7808_CR_075  = [0.3214, 0.0669, 0.0085, 5.8634e-04];

% 5:0.1:5.3
CBS_7808_CR_083  = [ 0.1711, 0.0369, 0.0055, 5.1243e-04 ];

% 6:0.1:6.4
CBS_7808_CR_089  = [0.1672, 0.0349, 0.0059, 4.6512e-04, 9e-05];

